1000
48 59 23
91 63 31
18 75 3
91 24 30
51 16 84
73 67 79
50 96 59
32 68 96
99 60 89
11 32 65
89 48 39
30 86 56
28 95 98
16 35 59
80 32 67
79 31 94
48 16 37
86 67 92
32 96 39
68 6 13
14 30 25
2 1 3
72 21 28
2 94 46
100 66 13
30 57 67
96 2 72
42 13 34
98 41 60
31 9 97
63 39 40
4 78 15
17 8 18
59 30 79
29 42 62
6 54 76
100 31 47
88 17 100
91 63 85
35 64 17
66 43 12
97 40 45
9 67 78
2 48 25
50 82 26
82 47 46
47 74 14
2 100 54
78 53 78
59 75 32
99 3 95
87 47 83
42 91 58
65 88 97
64 82 82
11 45 87
11 99 92
45 19 56
31 15 100
26 7 46
13 15 75
88 7 40
38 92 85
0 39 48
81 16 88
100 64 45
17 46 54
99 77 4
67 19 16
52 39 2
66 96 69
35 57 4
51 61 95
96 46 59
59 43 87
90 93 62
94 24 53
67 45 84
81 38 43
64 88 26
96 74 56
13 99 9
19 80 12
72 83 63
73 29 39
32 14 83
76 85 40
67 68 52
53 100 79
83 88 33
68 13 87
53 66 72
45 38 11
77 46 25
3 82 67
95 44 79
1 7 59
0 32 79
29 35 24
27 39 58
10 36 76
39 94 64
15 14 85
38 86 11
54 31 99
34 44 91
6 26 84
39 81 80
47 66 45
98 85 38
71 75 25
1 95 53
58 91 89
90 14 81
89 8 11
34 54 33
88 93 40
75 37 68
8 92 17
100 63 3
65 83 43
13 82 4
55 48 15
71 8 8
20 60 75
23 7 39
69 62 92
24 89 95
47 71 80
44 88 41
12 65 66
52 33 14
24 1 68
30 61 23
37 33 18
51 16 83
79 100 64
76 5 76
97 83 99
40 5 31
48 19 14
8 88 1
40 9 35
16 74 2
10 55 27
24 81 77
96 67 6
39 12 84
13 66 1
21 53 4
82 97 70
55 82 21
17 2 33
14 78 60
71 86 34
74 35 91
61 11 30
26 20 90
52 68 11
15 87 67
73 43 35
79 12 10
80 5 56
32 38 20
81 4 75
55 36 81
20 46 23
25 68 86
44 4 23
2 86 38
4 42 74
69 25 52
1 12 64
3 96 47
38 3 52
4 80 61
100 91 18
19 15 33
86 54 55
98 85 64
34 92 25
12 55 55
70 16 5
78 28 15
88 55 34
14 36 81
95 85 18
75 30 25
83 41 63
57 48 78
5 42 25
91 96 80
7 55 65
97 44 60
34 21 80
86 92 88
22 15 99
66 15 25
91 10 23
55 65 61
1 73 59
7 79 5
21 89 97
69 82 83
28 46 55
71 76 48
2 67 55
24 60 67
80 46 30
54 28 31
21 61 42
84 95 42
52 29 5
62 18 5
25 24 95
38 87 35
38 27 52
100 27 67
0 92 67
19 90 69
5 95 26
41 85 26
42 63 85
86 25 64
22 64 65
84 26 67
79 4 33
30 17 52
81 13 32
2 64 93
55 71 19
84 90 1
16 93 89
12 85 59
70 100 38
34 27 91
35 29 87
78 12 41
87 21 91
74 98 45
54 98 4
57 76 73
6 56 93
2 20 12
1 13 64
46 13 67
31 20 6
61 56 2
43 24 79
48 62 3
69 11 77
0 55 55
5 21 40
81 40 43
93 81 97
21 66 14
50 69 97
100 37 76
31 9 91
83 77 98
63 47 47
13 69 20
28 62 38
7 84 22
56 48 75
22 97 31
51 52 94
44 31 91
24 100 35
49 35 2
69 39 59
89 11 13
51 37 95
42 12 84
55 32 37
0 54 4
4 87 25
84 30 23
78 28 94
29 75 87
43 48 99
75 12 4
6 53 79
79 48 76
7 83 47
5 4 81
33 69 55
45 12 15
68 45 5
36 69 53
8 58 1
58 86 97
11 30 40
20 94 40
27 81 7
8 78 93
58 99 46
76 84 67
86 15 32
67 5 11
66 26 38
3 8 88
100 89 76
77 18 99
37 17 62
77 23 24
79 94 60
82 87 30
29 21 13
28 96 15
99 8 69
16 54 82
53 5 47
16 58 27
93 94 28
54 73 68
88 45 37
57 14 13
5 66 37
63 42 23
16 11 38
16 88 96
90 58 66
52 79 95
21 88 44
74 76 22
87 20 40
75 69 6
92 7 98
56 22 38
91 2 11
17 31 57
70 29 55
52 27 3
70 42 40
13 46 10
0 30 70
69 18 21
48 100 27
17 63 22
18 13 17
45 39 5
38 10 22
75 79 54
99 13 4
37 29 63
12 33 57
95 95 17
1 87 71
59 19 85
42 67 14
84 70 75
35 99 22
39 68 89
76 27 10
57 27 68
52 91 16
37 62 67
35 16 42
13 28 46
34 67 6
75 33 74
83 15 78
84 38 75
15 100 82
46 71 15
55 77 36
8 64 34
28 13 37
73 60 73
19 32 19
47 27 8
50 20 90
82 2 69
35 81 8
25 47 39
62 24 38
59 22 76
45 4 63
46 18 82
24 57 38
35 73 75
94 30 1
69 91 72
8 61 3
54 70 59
61 85 22
39 62 100
99 92 60
6 37 12
74 32 16
67 12 75
9 100 8
63 4 15
77 41 62
20 46 39
90 77 46
57 52 31
22 41 17
44 27 57
78 56 13
18 82 44
100 47 93
18 61 15
14 60 30
73 32 97
9 76 39
53 28 74
41 31 52
52 79 8
0 44 99
80 22 42
20 28 98
25 12 74
91 2 12
79 74 13
82 79 96
71 87 7
100 60 84
85 2 99
41 26 27
57 53 73
35 87 31
1 28 70
45 54 78
60 98 27
15 81 30
54 18 72
8 47 90
60 100 78
96 55 72
79 6 20
6 97 77
8 59 6
13 45 52
25 93 2
12 25 45
26 54 1
56 80 4
60 52 78
29 23 13
77 46 98
20 62 88
4 79 33
50 22 39
69 74 98
6 12 13
51 22 21
65 77 89
37 77 96
10 55 4
49 22 17
50 42 68
82 70 56
100 26 16
49 34 10
17 79 13
71 35 27
32 77 66
79 48 79
2 93 86
37 43 86
53 89 74
38 4 40
3 31 48
7 68 97
34 44 71
28 75 45
67 56 15
37 59 59
98 38 32
32 15 55
15 48 19
97 88 98
18 69 54
87 37 39
72 36 27
42 7 15
98 13 29
24 57 9
63 18 95
68 63 40
18 56 55
44 5 97
56 65 95
94 54 91
16 12 2
12 24 3
91 25 16
77 67 94
61 34 14
49 79 11
95 33 26
32 81 7
2 32 95
46 38 10
84 58 8
61 89 91
78 84 95
85 85 34
74 13 7
57 76 70
57 92 78
92 67 54
22 34 52
2 72 59
59 89 41
98 4 46
16 43 68
31 90 6
46 83 61
19 54 59
43 30 26
36 65 62
54 12 86
11 99 88
40 32 40
44 35 57
25 55 35
38 6 39
33 58 9
10 34 81
52 27 39
24 98 37
50 58 100
17 89 70
74 3 72
52 71 98
35 22 38
60 86 100
50 45 96
40 31 94
39 39 55
26 26 94
59 96 91
0 71 40
47 92 81
73 7 6
47 52 75
93 62 100
84 1 80
99 92 73
54 84 77
86 89 75
23 89 93
44 52 32
29 71 99
70 88 73
97 48 53
61 55 7
1 81 66
44 19 7
81 79 13
43 47 33
39 68 98
46 69 58
100 1 1
0 34 29
99 58 92
82 32 14
88 5 55
26 2 42
71 52 15
100 97 2
50 22 62
55 93 15
71 28 4
69 26 21
81 14 29
67 67 62
31 8 81
33 6 28
19 67 40
41 85 37
7 21 17
76 70 22
34 9 32
17 81 100
87 57 12
71 75 75
66 20 11
61 71 58
60 38 13
37 87 8
17 53 33
19 77 96
41 12 92
78 100 69
39 5 87
21 57 20
69 3 81
99 8 47
13 64 42
70 57 74
59 46 2
55 3 20
7 84 93
1 42 57
73 94 6
66 96 69
85 85 71
18 95 60
84 69 3
86 23 47
17 43 82
53 76 77
70 70 72
55 94 27
35 55 63
87 15 84
10 32 14
13 17 1
22 42 25
90 48 65
48 38 28
44 33 42
95 23 15
60 24 94
4 38 5
28 74 83
12 72 83
30 94 18
49 47 74
97 87 65
12 39 71
7 29 92
6 23 99
84 18 41
25 40 82
59 75 48
66 25 14
54 7 5
3 40 45
60 83 20
22 2 57
46 13 17
16 97 9
84 63 23
1 54 73
43 99 74
58 36 22
10 37 85
17 26 74
52 90 42
75 68 11
67 53 15
87 63 16
40 29 7
40 79 88
65 19 26
86 75 33
65 42 19
81 64 71
73 79 96
20 71 63
92 38 94
98 42 24
72 17 12
28 14 70
91 88 3
92 40 17
56 35 42
16 66 92
89 37 94
72 98 89
62 17 11
31 30 58
26 57 61
84 40 70
65 18 82
36 67 58
31 40 41
23 17 75
30 5 55
7 13 7
67 43 20
23 1 19
86 41 9
38 4 1
17 78 67
27 23 72
59 72 79
49 48 55
12 83 57
28 44 77
49 43 41
20 46 63
99 61 22
31 11 66
84 90 42
55 94 1
42 67 86
37 21 1
89 42 1
91 22 82
54 6 54
63 74 95
93 6 84
35 71 80
25 2 9
75 76 37
28 37 95
26 92 27
0 33 60
33 24 78
100 6 31
31 46 91
82 77 39
32 43 54
66 92 12
68 88 23
16 79 40
79 91 11
77 76 20
100 66 7
38 96 19
61 6 25
85 73 67
91 2 82
25 85 66
73 5 80
59 60 85
22 28 37
29 2 60
81 8 37
13 47 81
34 64 3
36 98 27
16 15 64
10 67 92
53 46 81
28 89 30
35 55 45
2 42 20
84 79 64
42 73 40
71 81 41
34 72 48
94 41 86
4 47 1
46 74 16
98 87 25
5 77 3
77 61 9
23 36 86
47 66 68
94 53 82
33 12 86
4 62 87
78 13 34
47 88 38
89 86 90
20 39 43
59 30 95
33 18 17
95 11 94
40 29 19
51 26 61
15 90 92
2 9 3
54 83 44
74 29 63
80 66 44
0 53 42
80 70 89
93 68 55
9 3 8
82 93 96
99 35 58
23 66 83
45 83 96
91 54 60
24 24 77
73 41 26
85 93 63
90 16 86
52 36 12
8 67 44
84 98 25
23 24 41
12 72 15
47 68 48
16 20 13
15 28 37
45 3 87
50 78 61
27 6 1
18 22 25
1 55 20
11 69 57
31 32 20
70 87 37
52 20 71
63 93 100
28 100 1
99 97 98
88 40 84
43 41 16
8 34 45
92 55 47
56 57 34
50 91 58
2 59 23
85 71 33
87 12 14
87 93 35
100 23 20
23 21 97
11 60 98
54 8 62
61 58 61
57 87 8
56 56 52
44 7 12
19 8 1
97 69 86
94 7 87
87 22 56
65 48 46
64 25 83
56 43 8
91 61 19
96 80 66
81 38 96
53 52 65
39 62 18
0 99 43
99 10 38
34 66 96
25 76 48
99 99 99
57 41 42
7 72 10
82 94 57
13 55 55
17 36 76
56 83 72
67 7 97
25 74 22
76 41 73
2 77 57
10 38 38
5 74 9
33 35 34
90 70 34
75 46 17
77 91 2
9 78 90
75 53 41
62 57 13
70 72 24
97 61 94
2 98 62
13 94 70
0 57 27
10 33 33
75 18 15
82 28 71
19 59 93
89 41 20
36 4 21
84 74 99
61 53 3
95 22 15
61 30 32
10 34 82
16 10 4
34 99 40
51 61 55
43 89 76
43 97 35
75 97 59
95 53 33
19 87 86
14 65 87
46 59 25
94 6 97
25 25 97
50 27 13
79 26 26
90 76 61
71 59 9
60 68 69
84 53 47
43 54 4
12 7 78
24 8 15
36 42 44
39 5 38
81 58 33
84 24 17
55 58 79
58 20 9
53 70 66
74 35 78
17 69 21
53 48 15
75 63 74
31 57 62
96 46 9
45 70 62
65 34 26
100 76 79
100 61 33
51 46 69
13 42 34
79 7 62
10 5 43
93 91 57
5 34 58
15 70 53
20 11 46
67 73 45
22 20 89
88 56 9
82 56 91
38 2 57
31 37 19
99 91 5
27 69 53
49 73 97
100 33 89
19 7 99
96 31 25
16 46 80
92 100 81
20 14 88
94 11 37
20 73 83
62 59 95
28 16 5
17 75 28
97 10 91
21 6 39
78 31 43
61 63 52
56 61 7
34 68 35
73 66 59
41 58 27
83 98 82
100 17 30
76 78 55
15 72 4
82 65 54
43 44 59
98 100 65
7 54 41
70 35 40
98 69 74
91 77 63
0 20 21
34 92 69
53 97 9
39 72 57
44 60 67
75 83 75
93 73 82
1 90 31
27 56 28
54 28 35
4 25 17
76 86 17
42 33 8
54 84 33
82 86 16
44 71 96
51 9 46
1 23 57
63 90 6
46 100 80
34 78 66
89 74 71
57 75 18
67 83 21
16 86 48
95 82 27
2 21 41
63 75 34
60 87 90
57 98 14
68 23 60
67 60 99
3 38 18
83 83 38
65 70 12
10 87 38
91 65 22
58 63 62
97 58 73
77 83 58
83 56 97
99 41 62
30 74 67
29 90 66
43 9 84
76 82 99
87 70 20
56 30 6
28 88 81
