20
97 39
34 37 656 97
840698758 13331
8 7 10 999955808
218492221 46085
3 7 1 999969453
1000000000 1
12 7 74 12
254 99
1 8 9 74990
46 18
7 11 9 46
232959116 56689
4 9 1 999903057
186 75
68 16 539 186
1000000000 100000
999999999 1 999999999 1000000000
98 59
6 30 524 98
59 26
14 19 681 59
177 73
7 7 5 56401
1000000000 100000
100000 1 0 1000000000
164 96
76 2 193 164
693840425 90561
2 6 7 999957328
249718282 93729
1 5 6 999917908
220 88
1 8 3 58265
22 21
1 4 869 22
112 73
1 5 3 64100
1000000000 100000
1 1 0 2
