20
977365070 59489
8 5 9 999966210
177 73
7 7 5 56401
640834505 28785
3 9 1 999946125
1000000000 100000
1 1 1 1000000000
1000000000 1
12 7 74 12
1000000000 100000
999999999 1 999999999 1000000000
131 74
1 9 10 78736
137 49
48 17 461 137
1000000000 100000
100000 1 0 1000000000
254 99
1 8 9 74990
1000000000 100000
1 1 0 2
46 18
7 11 9 46
714311129 39521
9 5 9 999998192
22 21
1 4 869 22
73 26
5 8 4 54214
249718282 93729
1 5 6 999917908
112 73
1 5 3 64100
198 81
8 5 7 83495
82 81
58 56 739 82
28 21
6 5 1 85919
